temp =

   11.2202
   10.0554
   16.0372
   13.0064
   10.7196
   15.7658
   13.9528
   16.1562
   11.9724
    9.1092
   10.4214
   27.3280
   10.4680
   15.8168
   10.2814
    9.7588
   11.7308
    9.2602
   11.8592
   13.1416
   11.3782
   39.5400
    9.9802
   11.6522
   10.1298
   36.8900
   24.6560
   20.9140
   25.3520
   43.4060
    9.5048
   12.1788
   17.4964
   10.7836
   15.4222
   14.8668
   15.1918
   10.2126
   24.6720
   11.7068
    9.8138
   12.7650
   22.4160
   10.5474
   14.6494
   13.1862
    9.1404
   10.6028
   22.4000
   10.0832
   14.0804
    9.6154
   13.8478
   14.2062
   11.6656
   11.7178
   11.5484
   10.2794
   17.6204
   17.9072
   16.6508
    9.3586
   41.5580
   28.8160
   36.9180
   13.4364
   15.5902
   19.4720
    9.9988
   39.6820
   19.2720
   13.6690
   11.0124
   13.4518
    9.0538
   12.0958
   14.0772
    9.0730
   19.5480
    9.2154
   10.4584
    9.3768
   11.7114
   18.5374
   12.0318
   16.0344
   17.3604
   11.0040
   10.0408
    9.1188
   10.4154
   14.2732
   10.7414
    9.6108
   15.5868
   25.7880
    9.8738

